m1 = 0.2;
m2 = 0.3;
l1 = 0.1;
l2 = 0.25;
g = 9.81;